  4.272367464811607E-004  4.272367464811607E-004  5.896316316026358E-004
  5.859702500319745E-004  5.867352194423545E-004  5.423291511175661E-004
  4.969518400750057E-004  4.415443838829909E-004  3.761755205995464E-004
  2.759298402600244E-004  1.788489207791507E-004  1.037983018317425E-004
  6.060235627058653E-005  3.717637279067333E-005  2.527067118694095E-005
  2.200260230046982E-005  1.703737540880261E-005  9.714960340511656E-006
  5.521858662132045E-006  3.421890628650619E-006  1.819637118190393E-006
  1.300314189764623E-006  1.017500594857172E-006  8.597778161714809E-007
  7.776294144273236E-007  8.811294278691915E-007  1.055155549279249E-006
  1.342450431280075E-006  1.517035227885205E-006  1.555549370964776E-006
  1.567619268520731E-006  1.526359353104568E-006  1.599939277008100E-006
  5.348526187594171E-024  5.348526187594171E-024  3.629548897891750E-020
  2.040473370454961E-019  5.196177157040557E-022  2.071486356747484E-023
  2.284216621425759E-023  6.703836532983400E-025  9.401718639657346E-024
  5.648008676942847E-025  1.049141226616898E-024  8.619678314081925E-030
  3.183963530313771E-034  6.547780824000035E-040  6.656431372760943E-046
  6.663131382569567E-052  6.502812858045899E-058  6.170024588620175E-064
  6.021486098678130E-070  3.054153969465324E-076  1.281826637455506E-082
  5.410637751316738E-089  2.278089454819060E-095  9.567463809346507E-102
  3.264469448617745E-108  1.181291047486653E-114  4.348249168957691E-121
  1.563133568770385E-127  3.284730474980603E-134  3.164169895352569E-141
  1.980327482327418E-148  5.316396931706752E-156  3.073704829555189E-164
  1.123636265202416E-006  1.123636265202416E-006  1.013801955517455E-006
  8.742228262082116E-007  6.786221469516263E-007  4.838597528195217E-007
  3.153042622518515E-007  2.021333299575013E-007  1.196048505745819E-007
  2.296123919447253E-008  1.083587471957394E-008  2.132337486194411E-009
  3.063729575476092E-011  4.364242833615078E-013  1.226793191189807E-010
  7.776986609103634E-011  1.408570718968003E-013  7.312691016600684E-018
  1.401258985632505E-023  7.107316405094687E-030  2.982936544770788E-036
  1.259108572666042E-042  5.301338019099025E-049  2.226442843653440E-055
  7.596741191850624E-062  2.748980347727260E-068  1.011880309930237E-074
  3.637565416723534E-081  7.643890591158088E-088  7.363334275410829E-095
  4.608416649364124E-102  1.237177807880110E-109  7.152813177700013E-118
   2959.86516014692        2959.86516014692        3123.59486821152     
   3227.45879678291        3071.88838186950        2769.14307060760     
   2356.05258958584        1958.56249625872        1386.53792817383     
   150.818080231800        63.8558469738666        13.4822943850135     
  0.588845401503814       5.037531842236411E-003   3.61820771826792     
   9.40475602581899       1.880505320473605E-002  2.783414625904829E-007
  1.508470775684183E-012  1.000000257901125E-012  1.000000000000108E-012
  1.000000000000000E-012  1.000000000000000E-012  1.000000000000000E-012
  1.000000000000000E-012  1.000000000000000E-012  1.000000000000000E-012
  1.000000000000000E-012  1.000000000000000E-012  1.000000000000000E-012
  1.000000000000000E-012  1.000000000000000E-012  1.000000000000000E-012
  0.000000000000000E+000  0.000000000000000E+000  0.000000000000000E+000
  0.000000000000000E+000  0.000000000000000E+000  0.000000000000000E+000
  0.000000000000000E+000  0.000000000000000E+000  0.000000000000000E+000
  0.000000000000000E+000  0.000000000000000E+000  0.000000000000000E+000
  0.000000000000000E+000  0.000000000000000E+000  0.000000000000000E+000
  0.000000000000000E+000  0.000000000000000E+000  0.000000000000000E+000
  0.000000000000000E+000  0.000000000000000E+000  0.000000000000000E+000
  0.000000000000000E+000  0.000000000000000E+000  0.000000000000000E+000
  0.000000000000000E+000  0.000000000000000E+000  0.000000000000000E+000
  0.000000000000000E+000  0.000000000000000E+000  0.000000000000000E+000
  0.000000000000000E+000  0.000000000000000E+000  0.000000000000000E+000
  0.000000000000000E+000  0.000000000000000E+000  0.000000000000000E+000
  0.000000000000000E+000  0.000000000000000E+000  0.000000000000000E+000
  0.000000000000000E+000  0.000000000000000E+000  0.000000000000000E+000
  0.000000000000000E+000  0.000000000000000E+000  0.000000000000000E+000
  0.000000000000000E+000  0.000000000000000E+000  0.000000000000000E+000
  0.000000000000000E+000  0.000000000000000E+000  0.000000000000000E+000
  0.000000000000000E+000  0.000000000000000E+000  0.000000000000000E+000
  0.000000000000000E+000  0.000000000000000E+000  0.000000000000000E+000
  0.000000000000000E+000  0.000000000000000E+000  0.000000000000000E+000
  0.000000000000000E+000  0.000000000000000E+000  0.000000000000000E+000
  0.000000000000000E+000  0.000000000000000E+000  0.000000000000000E+000
  1.000000000000000E-012  1.000000000000000E-012  1.000000000000000E-012
  1.000000000000000E-012  1.000000000000000E-012  1.000000000000000E-012
  1.000000000000000E-012  1.000000000000000E-012  1.000000000000000E-012
  1.000000000000000E-012  1.000000000000000E-012  1.000000000000000E-012
  1.000000000000000E-012  1.000000000000000E-012  1.000000000000000E-012
  1.000000000000000E-012  1.000000000000000E-012  1.000000000000000E-012
  1.000000000000000E-012  1.000000000000000E-012  1.000000000000000E-012
  1.000000000000000E-012  1.000000000000000E-012  1.000000000000000E-012
  1.000000000000000E-012  1.000000000000000E-012  1.000000000000000E-012
  1.000000000000000E-012  1.000000000000000E-012  1.000000000000000E-012
  1.000000000000000E-012  1.000000000000000E-012  1.000000000000000E-012
  1.000000000000000E-012  1.000000000000000E-012  1.000000000000000E-012
  1.000000000000000E-012  1.000000000000000E-012  1.000000000000000E-012
  1.000000000000000E-012  1.000000000000000E-012  1.000000000000000E-012
  1.000000000000000E-012  1.000000000000000E-012  1.000000000000000E-012
  1.000000000000000E-012  1.000000000000000E-012  1.000000000000000E-012
  1.000000000000000E-012  1.000000000000000E-012  1.000000000000000E-012
  1.000000000000000E-012  1.000000000000000E-012  1.000000000000000E-012
  1.000000000000000E-012  1.000000000000000E-012  1.000000000000000E-012
  1.000000000000000E-012  1.000000000000000E-012  1.000000000000000E-012
  1.000000000000000E-012  1.000000000000000E-012  1.000000000000000E-012
  1.000000000000000E-012  1.000000000000000E-012  1.000000000000000E-012
  1.389047768855942E-010  1.389047768855942E-010  1.325112406510176E-010
  1.292300033137608E-010  1.269569769037695E-010  1.240566480204766E-010
  1.210879475171913E-010  1.184780198209568E-010  1.136364926757815E-010
  1.035881112940070E-010  8.973926226971451E-011  6.848105573883149E-011
  4.845134990405035E-011  2.779025569439454E-011  1.451691980362919E-011
  6.776798754138454E-012  3.568065323780501E-012  2.491187358802802E-012
  2.023053576484726E-012  1.732175667402240E-012  1.761037989335526E-012
  2.184454000499911E-012  2.690791246798210E-012  3.339435583612797E-012
  4.391391046196946E-012  5.267487073027808E-012  5.653923735620943E-012
  5.346820147408209E-012  5.032019424172324E-012  4.371060728334412E-012
  1.143778565323220E-011  3.221894590233351E-011  4.595520454534812E-011
  1.602381084017968E-013  1.602381084017968E-013  2.234651461004265E-013
  2.402206498997272E-013  2.792882820593599E-013  3.117492522432196E-013
  1.977074555674629E-013  1.405388165320845E-013  1.306004378615050E-013
  7.318457168211827E-014  6.008519882498403E-014  5.734810935103454E-014
  5.138351420282242E-014  5.005770640360578E-014  3.125978593358081E-014
  2.007307755534352E-014  1.450030886691538E-014  9.284963021194923E-015
  6.376243903146214E-015  3.800201077577907E-015  2.119161471611438E-015
  1.475031602810877E-015  8.942146303418090E-016  6.062473318827401E-016
  4.252762211772233E-016  2.479034341999415E-016  1.292249174085088E-016
  8.151529012636821E-017  4.856404291805837E-017  2.283459275188468E-017
  7.935271341401873E-018  3.099805133185839E-017  4.438567300775392E-017
  1.966490363841929E-011  1.966490363841929E-011  3.131469414401653E-011
  3.404958292846889E-011  5.001362048809011E-011  7.360964287116613E-011
  5.156436704926445E-011  3.812213194143390E-011  2.924262435961277E-011
  1.448255354284212E-011  9.650071705460009E-012  7.301029333958355E-012
  4.559079651224180E-012  2.517816014413856E-012  1.051517603028322E-012
  6.196615398668911E-013  4.744451845921919E-013  3.164250076673867E-013
  2.365292670361285E-013  1.570708069430102E-013  7.866719814464715E-014
  3.438308824743817E-014  1.277050219473931E-014  4.937412182262982E-015
  2.201058383701723E-015  9.941002600262287E-016  3.635217911005118E-016
  1.954547360435289E-016  8.389273907926045E-017  1.684817789970081E-017
  6.402007417647317E-019  8.944789675714568E-020  2.589408735686115E-019
  9.499312843992456E-015  9.499312843992456E-015  4.010216179676223E-014
  7.247914052828751E-014  1.043575712113460E-013  1.482753048370092E-013
  1.136521763810494E-013  4.711267554478796E-014  2.244448448821927E-014
  1.035077794648360E-014  3.696568076581687E-015  1.314421265270877E-015
  1.989629547466507E-015  9.307589449527796E-015  2.708891115445744E-015
  1.376891645368951E-016  6.427680597165637E-018  3.730280714077356E-019
  1.285261200370672E-020  2.776111925181747E-022  1.150013484646778E-023
  8.639437359484756E-025  1.430277292618999E-026  1.979033937755414E-028
  2.334817056311854E-029  6.938168555632466E-031  4.652037561853831E-033
  1.711750245367624E-033  5.369995112744035E-036  1.000000841851351E-036
  1.000000000000053E-036  1.000000000000000E-036  1.000000000000000E-036
  1.171789706517639E-015  1.171789706517639E-015  2.249616130275404E-015
  2.090667980971609E-015  1.983906832031912E-015  1.493658692635380E-015
  1.112472694324808E-015  7.681023907846714E-016  4.481868364630306E-016
  1.673520014597690E-016  4.300881449977321E-017  7.725799553629550E-018
  1.112446131830018E-018  7.433858392014200E-019  1.204075542553894E-018
  1.017355500673263E-019  2.484660957085987E-020  3.739477905201200E-020
  1.068160672206680E-019  3.643407846206907E-019  1.602967974807902E-018
  5.047949718591843E-018  1.430482921065214E-017  3.688385118166438E-017
  1.034904741988957E-016  2.925722886037941E-016  4.891834322579374E-016
  7.122842147708381E-016  1.137026548056425E-015  2.561869563205052E-015
  3.060490626953015E-014  4.377060477289547E-013  1.693288464018769E-012
   272.854585532988        272.854585532988        277.644986262156     
   278.790911884531        280.178582650014        280.947565909553     
   281.814117339181        282.611433861546        283.775878221309     
   285.218435283492        287.005880696740        289.374750570796     
   292.558274048746        297.374173129363        303.549796070910     
   310.712056862598        319.933817540854        331.804511649239     
   345.770174415632        363.558308212581        386.893132722152     
   410.210555574303        434.533218661831        459.940689767442     
   488.474794552621        519.022318402095        549.034710622077     
   580.293540507118        620.999956966468        691.769925985986     
   820.196272061850        1025.02253574380        1319.35429465676     
  4.272532681340543E-004  4.272532681340543E-004  5.896159853621464E-004
  5.859702868820047E-004  5.867341877783417E-004  5.423291528050057E-004
  4.969517101199401E-004  4.415445351547694E-004  3.761754977460882E-004
  2.759299325545475E-004  1.788490118852473E-004  1.037983689166542E-004
  6.060238591110372E-005  3.717638672955077E-005  2.527068009050627E-005
  2.200260151931861E-005  1.703737444809459E-005  9.714963649096707E-006
  5.521861108015939E-006  3.421891096760277E-006  1.819637560945377E-006
  1.300314297165106E-006  1.017500651416106E-006  8.597778507684627E-007
  7.776294630904211E-007  8.811294426803654E-007  1.055155568752609E-006
  1.342450381003302E-006  1.517035201916019E-006  1.555549368651275E-006
  1.567619267552001E-006  1.526359354237400E-006  1.599939276580818E-006
