  4.272532681340543E-004  4.272532681340543E-004  5.896159853621464E-004
  5.859702868820047E-004  5.867341877783417E-004  5.423291528050057E-004
  4.969517101199401E-004  4.415445351547694E-004  3.761754977460882E-004
  2.759299325545475E-004  1.788490118852473E-004  1.037983689166542E-004
  6.060238591110372E-005  3.717638672955077E-005  2.527068009050627E-005
  2.200260151931861E-005  1.703737444809459E-005  9.714963649096707E-006
  5.521861108015939E-006  3.421891096760277E-006  1.819637560945377E-006
  1.300314297165106E-006  1.017500651416106E-006  8.597778507684627E-007
  7.776294630904211E-007  8.811294426803654E-007  1.055155568752609E-006
  1.342450381003302E-006  1.517035201916019E-006  1.555549368651275E-006
  1.567619267552001E-006  1.526359354237400E-006  1.599939276580818E-006
