   272.854585532988        272.854585532988        277.644986262156     
   278.790911884531        280.178582650014        280.947565909553     
   281.814117339181        282.611433861546        283.775878221309     
   285.218435283492        287.005880696740        289.374750570796     
   292.558274048746        297.374173129363        303.549796070910     
   310.712056862598        319.933817540854        331.804511649239     
   345.770174415632        363.558308212581        386.893132722152     
   410.210555574303        434.533218661831        459.940689767442     
   488.474794552621        519.022318402095        549.034710622077     
   580.293540507118        620.999956966468        691.769925985986     
   820.196272061850        1025.02253574380        1319.35429465676     
